2.052983157336711884e-01 5.170000000000000000e+02 2.280000000000000000e+02
2.190546831116080284e-01 5.480000000000000000e+02 2.220000000000000000e+02
2.328110504895448685e-01 5.480000000000000000e+02 2.350000000000000000e+02
2.465674178674817085e-01 5.480000000000000000e+02 2.360000000000000000e+02
2.603237852454185486e-01 5.480000000000000000e+02 2.350000000000000000e+02
2.740801526233553886e-01 5.320000000000000000e+02 2.330000000000000000e+02
2.878365200012922287e-01 3.510000000000000000e+02 2.220000000000000000e+02
3.015928873792290688e-01 3.510000000000000000e+02 2.280000000000000000e+02
3.166027367115020752e-01 5.940000000000000000e+02 2.330000000000000000e+02
3.303591040894389153e-01 5.480000000000000000e+02 2.320000000000000000e+02
3.441154714673757553e-01 5.630000000000000000e+02 2.280000000000000000e+02
3.578718388453125954e-01 5.940000000000000000e+02 2.330000000000000000e+02
3.716282062232494354e-01 5.790000000000000000e+02 2.260000000000000000e+02
3.853845736011862755e-01 4.630000000000000000e+02 2.280000000000000000e+02
3.991409409791231155e-01 5.940000000000000000e+02 2.220000000000000000e+02
4.128973083570599556e-01 3.510000000000000000e+02 2.200000000000000000e+02
4.266536757349967957e-01 4.070000000000000000e+02 2.200000000000000000e+02
4.404100431129336357e-01 4.770000000000000000e+02 2.250000000000000000e+02
4.541664104908704758e-01 4.770000000000000000e+02 2.230000000000000000e+02
4.679227778688073158e-01 4.770000000000000000e+02 2.210000000000000000e+02
                                                                                                                                                           6540,1        Bot
