1.717753052711486816e+00 9.960000000000000000e+02 2.410000000000000000e+02
1.731509420089423656e+00 1.012000000000000000e+03 2.400000000000000000e+02
1.745265787467360497e+00 1.012000000000000000e+03 2.420000000000000000e+02
1.759022154845297337e+00 1.027000000000000000e+03 2.410000000000000000e+02
1.772778522223234177e+00 1.027000000000000000e+03 2.390000000000000000e+02
1.786534889601171017e+00 1.027000000000000000e+03 2.400000000000000000e+02
1.800291256979107857e+00 1.027000000000000000e+03 2.380000000000000000e+02
1.814047624357044697e+00 1.043000000000000000e+03 2.400000000000000000e+02
1.827803991734981537e+00 1.043000000000000000e+03 2.380000000000000000e+02
1.841560359112918377e+00 1.043000000000000000e+03 2.400000000000000000e+02
1.855316726490855217e+00 1.058000000000000000e+03 2.400000000000000000e+02
1.869073093868792057e+00 1.058000000000000000e+03 2.420000000000000000e+02
1.883559346199035645e+00 1.074000000000000000e+03 2.400000000000000000e+02
1.897347447462379932e+00 1.074000000000000000e+03 2.400000000000000000e+02
1.911135548725724220e+00 1.074000000000000000e+03 2.400000000000000000e+02
1.924923649989068508e+00 1.089000000000000000e+03 2.410000000000000000e+02
1.938711751252412796e+00 1.074000000000000000e+03 2.400000000000000000e+02
1.952499852515757084e+00 1.058000000000000000e+03 2.410000000000000000e+02
1.966287953779101372e+00 1.027000000000000000e+03 2.380000000000000000e+02
1.980076055042445660e+00 9.960000000000000000e+02 2.380000000000000000e+02
1.993864156305789948e+00 9.650000000000000000e+02 2.380000000000000000e+02
2.007652257569134235e+00 9.500000000000000000e+02 2.380000000000000000e+02
2.021440358832478523e+00 9.340000000000000000e+02 2.380000000000000000e+02
2.035228460095822811e+00 9.030000000000000000e+02 2.390000000000000000e+02
2.049016475677490234e+00 8.720000000000000000e+02 2.370000000000000000e+02
2.062836309894919395e+00 8.570000000000000000e+02 2.380000000000000000e+02
2.076656144112348557e+00 8.410000000000000000e+02 2.390000000000000000e+02
2.090475978329777718e+00 8.260000000000000000e+02 2.410000000000000000e+02
2.104295812547206879e+00 8.100000000000000000e+02 2.380000000000000000e+02
2.118115646764636040e+00 7.950000000000000000e+02 2.400000000000000000e+02
2.131935480982065201e+00 7.790000000000000000e+02 2.380000000000000000e+02
2.145755315199494362e+00 7.640000000000000000e+02 2.380000000000000000e+02
2.159575149416923523e+00 7.480000000000000000e+02 2.390000000000000000e+02
2.173394983634352684e+00 7.330000000000000000e+02 2.390000000000000000e+02
2.187214817851781845e+00 7.170000000000000000e+02 2.380000000000000000e+02
2.201034652069211006e+00 7.020000000000000000e+02 2.380000000000000000e+02
2.212553977966308594e+00 6.860000000000000000e+02 2.380000000000000000e+02
2.226326212286949158e+00 6.710000000000000000e+02 2.380000000000000000e+02
2.240098446607589722e+00 6.550000000000000000e+02 2.350000000000000000e+02
2.253870680928230286e+00 6.400000000000000000e+02 2.370000000000000000e+02
2.267642915248870850e+00 6.550000000000000000e+02 2.360000000000000000e+02
2.281415149569511414e+00 6.400000000000000000e+02 2.390000000000000000e+02
2.295187383890151978e+00 6.240000000000000000e+02 2.360000000000000000e+02
2.308959618210792542e+00 6.090000000000000000e+02 2.380000000000000000e+02
2.322731852531433105e+00 6.090000000000000000e+02 2.370000000000000000e+02
2.336504086852073669e+00 6.090000000000000000e+02 2.370000000000000000e+02
2.350276321172714233e+00 5.780000000000000000e+02 2.360000000000000000e+02
2.364048555493354797e+00 5.930000000000000000e+02 2.370000000000000000e+02
2.378360271453857422e+00 5.780000000000000000e+02 2.350000000000000000e+02
2.392433972097933292e+00 5.780000000000000000e+02 2.370000000000000000e+02
2.406507672742009163e+00 5.780000000000000000e+02 2.370000000000000000e+02
2.420581373386085033e+00 5.620000000000000000e+02 2.360000000000000000e+02
2.434655074030160904e+00 5.470000000000000000e+02 2.370000000000000000e+02
2.448728774674236774e+00 5.470000000000000000e+02 2.320000000000000000e+02
2.462802475318312645e+00 5.470000000000000000e+02 2.330000000000000000e+02
2.476876175962388515e+00 5.470000000000000000e+02 2.340000000000000000e+02
2.490949876606464386e+00 5.310000000000000000e+02 2.350000000000000000e+02
2.505023577250540257e+00 5.160000000000000000e+02 2.350000000000000000e+02
2.519097277894616127e+00 5.310000000000000000e+02 2.350000000000000000e+02
2.533170978538691998e+00 5.160000000000000000e+02 2.350000000000000000e+02
2.546958923339843750e+00 5.160000000000000000e+02 2.320000000000000000e+02
2.560778757557272911e+00 5.000000000000000000e+02 2.340000000000000000e+02
2.574598591774702072e+00 5.000000000000000000e+02 2.350000000000000000e+02
2.588418425992131233e+00 4.920000000000000000e+02 2.340000000000000000e+02
2.602238260209560394e+00 5.000000000000000000e+02 2.350000000000000000e+02
2.616058094426989555e+00 4.840000000000000000e+02 2.340000000000000000e+02
2.629877928644418716e+00 5.000000000000000000e+02 2.340000000000000000e+02
2.643697762861847878e+00 4.920000000000000000e+02 2.340000000000000000e+02
2.657517597079277039e+00 4.800000000000000000e+02 2.340000000000000000e+02
2.671337431296706200e+00 4.820000000000000000e+02 2.340000000000000000e+02
2.685157265514135361e+00 4.750000000000000000e+02 2.340000000000000000e+02
2.698977099731564522e+00 4.720000000000000000e+02 2.330000000000000000e+02
2.712067127227783203e+00 4.780000000000000000e+02 2.330000000000000000e+02
2.725410962477326393e+00 4.730000000000000000e+02 2.320000000000000000e+02
2.738754797726869583e+00 4.710000000000000000e+02 2.320000000000000000e+02
2.752098632976412773e+00 4.700000000000000000e+02 2.330000000000000000e+02
2.765442468225955963e+00 4.690000000000000000e+02 2.340000000000000000e+02
2.778786303475499153e+00 4.720000000000000000e+02 2.320000000000000000e+02
2.792130138725042343e+00 4.670000000000000000e+02 2.340000000000000000e+02
2.805473973974585533e+00 4.710000000000000000e+02 2.330000000000000000e+02
2.818817809224128723e+00 4.730000000000000000e+02 2.350000000000000000e+02
2.832161644473671913e+00 4.740000000000000000e+02 2.340000000000000000e+02
2.845505479723215103e+00 4.680000000000000000e+02 2.340000000000000000e+02
2.858849314972758293e+00 4.720000000000000000e+02 2.340000000000000000e+02
2.872637510299682617e+00 4.600000000000000000e+02 2.330000000000000000e+02
2.886647744104266167e+00 4.680000000000000000e+02 2.320000000000000000e+02
2.900657977908849716e+00 4.650000000000000000e+02 2.340000000000000000e+02
2.914668211713433266e+00 4.700000000000000000e+02 2.330000000000000000e+02
2.928678445518016815e+00 4.660000000000000000e+02 2.330000000000000000e+02
2.942688679322600365e+00 4.570000000000000000e+02 2.340000000000000000e+02
2.956698913127183914e+00 4.530000000000000000e+02 2.320000000000000000e+02
2.970709146931767464e+00 4.510000000000000000e+02 2.320000000000000000e+02
2.984719380736351013e+00 4.570000000000000000e+02 2.320000000000000000e+02
2.998729614540934563e+00 4.530000000000000000e+02 2.310000000000000000e+02
3.012739848345518112e+00 4.440000000000000000e+02 2.300000000000000000e+02
3.026750082150101662e+00 4.390000000000000000e+02 2.310000000000000000e+02
3.041236162185668945e+00 4.440000000000000000e+02 2.300000000000000000e+02
3.054992529563605785e+00 4.390000000000000000e+02 2.300000000000000000e+02
3.068748896941542625e+00 4.440000000000000000e+02 2.290000000000000000e+02
3.082505264319479465e+00 4.390000000000000000e+02 2.290000000000000000e+02
3.096261631697416306e+00 4.370000000000000000e+02 2.300000000000000000e+02
3.110017999075353146e+00 4.290000000000000000e+02 2.300000000000000000e+02
3.123774366453289986e+00 4.460000000000000000e+02 2.300000000000000000e+02
3.137530733831226826e+00 4.470000000000000000e+02 2.310000000000000000e+02
3.151287101209163666e+00 4.410000000000000000e+02 2.310000000000000000e+02
3.165043468587100506e+00 4.380000000000000000e+02 2.320000000000000000e+02
3.178799835965037346e+00 4.430000000000000000e+02 2.310000000000000000e+02
3.192556203342974186e+00 4.530000000000000000e+02 2.310000000000000000e+02
3.205646276473999023e+00 4.580000000000000000e+02 2.310000000000000000e+02
3.219148778356611729e+00 4.600000000000000000e+02 2.290000000000000000e+02
3.232651280239224434e+00 4.610000000000000000e+02 2.300000000000000000e+02
3.246153782121837139e+00 4.620000000000000000e+02 2.320000000000000000e+02
3.259656284004449844e+00 4.550000000000000000e+02 2.330000000000000000e+02
3.273158785887062550e+00 4.590000000000000000e+02 2.310000000000000000e+02
3.286661287769675255e+00 4.610000000000000000e+02 2.320000000000000000e+02
3.300163789652287960e+00 4.680000000000000000e+02 2.340000000000000000e+02
3.313666291534900665e+00 4.720000000000000000e+02 2.330000000000000000e+02
3.327168793417513371e+00 4.670000000000000000e+02 2.340000000000000000e+02
3.340671295300126076e+00 4.680000000000000000e+02 2.320000000000000000e+02
3.354173797182738781e+00 4.680000000000000000e+02 2.330000000000000000e+02
3.367961883544921875e+00 4.680000000000000000e+02 2.310000000000000000e+02
3.381654785014688969e+00 4.650000000000000000e+02 2.310000000000000000e+02
3.395347686484456062e+00 4.670000000000000000e+02 2.300000000000000000e+02
3.409040587954223156e+00 4.680000000000000000e+02 2.300000000000000000e+02
3.422733489423990250e+00 4.720000000000000000e+02 2.290000000000000000e+02
3.436426390893757343e+00 4.780000000000000000e+02 2.310000000000000000e+02
3.450119292363524437e+00 4.810000000000000000e+02 2.340000000000000000e+02
3.463812193833291531e+00 4.750000000000000000e+02 2.340000000000000000e+02
3.477505095303058624e+00 4.720000000000000000e+02 2.330000000000000000e+02
3.491197996772825718e+00 4.780000000000000000e+02 2.330000000000000000e+02
3.504890898242592812e+00 5.000000000000000000e+02 2.330000000000000000e+02
3.518583799712359905e+00 4.920000000000000000e+02 2.340000000000000000e+02
3.528532266616821289e+00 5.000000000000000000e+02 2.330000000000000000e+02
3.542288633994758129e+00 5.000000000000000000e+02 2.340000000000000000e+02
3.556045001372694969e+00 4.920000000000000000e+02 2.330000000000000000e+02
3.569801368750631809e+00 5.160000000000000000e+02 2.350000000000000000e+02
3.583557736128568649e+00 5.160000000000000000e+02 2.330000000000000000e+02
3.597314103506505489e+00 5.160000000000000000e+02 2.330000000000000000e+02
3.611070470884442329e+00 5.310000000000000000e+02 2.330000000000000000e+02
3.624826838262379169e+00 5.000000000000000000e+02 2.360000000000000000e+02
3.638583205640316010e+00 5.310000000000000000e+02 2.350000000000000000e+02
3.652339573018252850e+00 5.160000000000000000e+02 2.350000000000000000e+02
3.666095940396189690e+00 5.470000000000000000e+02 2.340000000000000000e+02
3.679852307774126530e+00 5.470000000000000000e+02 2.310000000000000000e+02
3.693640232086181641e+00 5.620000000000000000e+02 2.320000000000000000e+02
3.707999532110989094e+00 5.620000000000000000e+02 2.360000000000000000e+02
3.722358832135796547e+00 5.780000000000000000e+02 2.320000000000000000e+02
3.736718132160604000e+00 5.780000000000000000e+02 2.340000000000000000e+02
3.751077432185411453e+00 5.470000000000000000e+02 2.340000000000000000e+02
3.765436732210218906e+00 5.930000000000000000e+02 2.330000000000000000e+02
3.779796032235026360e+00 5.780000000000000000e+02 2.350000000000000000e+02
3.794155332259833813e+00 5.780000000000000000e+02 2.310000000000000000e+02
3.808514632284641266e+00 6.090000000000000000e+02 2.340000000000000000e+02
3.822873932309448719e+00 6.090000000000000000e+02 2.340000000000000000e+02
3.837233232334256172e+00 6.090000000000000000e+02 2.340000000000000000e+02
3.851592532359063625e+00 6.400000000000000000e+02 2.330000000000000000e+02
3.865380764007568359e+00 6.240000000000000000e+02 2.340000000000000000e+02
3.879073665477335453e+00 6.550000000000000000e+02 2.350000000000000000e+02
3.892766566947102547e+00 6.710000000000000000e+02 2.340000000000000000e+02
3.906459468416869640e+00 6.710000000000000000e+02 2.340000000000000000e+02
3.920152369886636734e+00 6.860000000000000000e+02 2.360000000000000000e+02
3.933845271356403828e+00 7.020000000000000000e+02 2.340000000000000000e+02
3.947538172826170921e+00 7.170000000000000000e+02 2.360000000000000000e+02
3.961231074295938015e+00 7.170000000000000000e+02 2.340000000000000000e+02
3.974923975765705109e+00 7.330000000000000000e+02 2.360000000000000000e+02
3.988616877235472202e+00 7.480000000000000000e+02 2.390000000000000000e+02
4.002309778705239296e+00 7.640000000000000000e+02 2.380000000000000000e+02
4.016002680175006390e+00 7.640000000000000000e+02 2.380000000000000000e+02
4.029790878295898438e+00 7.950000000000000000e+02 2.380000000000000000e+02
4.043642445467412472e+00 7.950000000000000000e+02 2.380000000000000000e+02
4.057494012638926506e+00 8.100000000000000000e+02 2.390000000000000000e+02
4.071345579810440540e+00 8.410000000000000000e+02 2.390000000000000000e+02
4.085197146981954575e+00 8.570000000000000000e+02 2.390000000000000000e+02
4.099048714153468609e+00 8.720000000000000000e+02 2.380000000000000000e+02
4.112900281324982643e+00 9.030000000000000000e+02 2.400000000000000000e+02
4.126751848496496677e+00 9.340000000000000000e+02 2.410000000000000000e+02
4.140603415668010712e+00 9.500000000000000000e+02 2.380000000000000000e+02
4.154454982839524746e+00 9.650000000000000000e+02 2.370000000000000000e+02
4.168306550011038780e+00 9.960000000000000000e+02 2.400000000000000000e+02
4.182158117182552814e+00 1.027000000000000000e+03 2.410000000000000000e+02
4.195946216583251953e+00 1.058000000000000000e+03 2.380000000000000000e+02
4.209908850491046906e+00 1.089000000000000000e+03 2.370000000000000000e+02
4.223871484398841858e+00 1.120000000000000000e+03 2.400000000000000000e+02
4.237834118306636810e+00 1.136000000000000000e+03 2.420000000000000000e+02
4.251796752214431763e+00 1.136000000000000000e+03 2.410000000000000000e+02
4.265759386122226715e+00 1.120000000000000000e+03 2.430000000000000000e+02
4.279722020030021667e+00 1.120000000000000000e+03 2.420000000000000000e+02
4.293684653937816620e+00 1.120000000000000000e+03 2.420000000000000000e+02
4.307647287845611572e+00 1.105000000000000000e+03 2.420000000000000000e+02
4.321609921753406525e+00 1.105000000000000000e+03 2.420000000000000000e+02
4.335572555661201477e+00 1.105000000000000000e+03 2.400000000000000000e+02
4.349535189568996429e+00 1.089000000000000000e+03 2.400000000000000000e+02
4.362625122070312500e+00 1.089000000000000000e+03 2.380000000000000000e+02
4.953752279281616211e+00 1.089000000000000000e+03 2.420000000000000000e+02
5.544879436492919922e+00 1.074000000000000000e+03 2.420000000000000000e+02
6.136006593704223633e+00 1.136000000000000000e+03 2.420000000000000000e+02
6.727133750915527344e+00 1.120000000000000000e+03 2.410000000000000000e+02
7.318260908126831055e+00 1.120000000000000000e+03 2.410000000000000000e+02
7.909388065338134766e+00 1.105000000000000000e+03 2.400000000000000000e+02
8.500515222549438477e+00 1.089000000000000000e+03 2.420000000000000000e+02
9.091642379760742188e+00 1.089000000000000000e+03 2.410000000000000000e+02
9.682769536972045898e+00 1.089000000000000000e+03 2.400000000000000000e+02
1.027389669418334961e+01 6.020000000000000000e+03 1.580000000000000000e+02
1.086502385139465332e+01 2.208000000000000000e+04 8.400000000000000000e+01
1.229060888290405273e+00 1.012000000000000000e+03 2.370000000000000000e+02
1.242706189863383770e+00 9.960000000000000000e+02 2.390000000000000000e+02
1.256351491436362267e+00 1.012000000000000000e+03 2.390000000000000000e+02
1.269996793009340763e+00 1.012000000000000000e+03 2.380000000000000000e+02
1.283642094582319260e+00 9.960000000000000000e+02 2.380000000000000000e+02
1.297287396155297756e+00 1.012000000000000000e+03 2.360000000000000000e+02
1.310932697728276253e+00 9.960000000000000000e+02 2.380000000000000000e+02
1.324577999301254749e+00 9.960000000000000000e+02 2.390000000000000000e+02
1.338223300874233246e+00 9.960000000000000000e+02 2.380000000000000000e+02
1.351868602447211742e+00 9.960000000000000000e+02 2.370000000000000000e+02
1.365513904020190239e+00 9.960000000000000000e+02 2.390000000000000000e+02
1.379159205593168736e+00 9.810000000000000000e+02 2.390000000000000000e+02
1.392947316169738770e+00 9.810000000000000000e+02 2.400000000000000000e+02
1.406830617226660252e+00 9.810000000000000000e+02 2.420000000000000000e+02
1.420713918283581734e+00 9.810000000000000000e+02 2.390000000000000000e+02
1.434597219340503216e+00 9.810000000000000000e+02 2.400000000000000000e+02
1.448480520397424698e+00 9.650000000000000000e+02 2.380000000000000000e+02
1.462363821454346180e+00 9.650000000000000000e+02 2.390000000000000000e+02
1.476247122511267662e+00 9.810000000000000000e+02 2.410000000000000000e+02
1.490130423568189144e+00 9.650000000000000000e+02 2.380000000000000000e+02
1.504013724625110626e+00 9.650000000000000000e+02 2.380000000000000000e+02
1.517897025682032108e+00 9.810000000000000000e+02 2.390000000000000000e+02
1.531780326738953590e+00 9.810000000000000000e+02 2.390000000000000000e+02
1.545663627795875072e+00 9.650000000000000000e+02 2.390000000000000000e+02
1.559277176856994629e+00 9.810000000000000000e+02 2.390000000000000000e+02
1.573001811280846596e+00 9.810000000000000000e+02 2.400000000000000000e+02
1.586726445704698563e+00 9.810000000000000000e+02 2.390000000000000000e+02
1.600451080128550529e+00 9.960000000000000000e+02 2.380000000000000000e+02
1.614175714552402496e+00 9.810000000000000000e+02 2.410000000000000000e+02
1.627900348976254463e+00 9.810000000000000000e+02 2.410000000000000000e+02
1.641624983400106430e+00 9.960000000000000000e+02 2.400000000000000000e+02
1.655349617823958397e+00 9.960000000000000000e+02 2.410000000000000000e+02
1.669074252247810364e+00 9.960000000000000000e+02 2.400000000000000000e+02
1.682798886671662331e+00 9.960000000000000000e+02 2.390000000000000000e+02
1.696523521095514297e+00 1.012000000000000000e+03 2.410000000000000000e+02
1.710248155519366264e+00 1.012000000000000000e+03 2.420000000000000000e+02
1.723338127136230469e+00 1.012000000000000000e+03 2.410000000000000000e+02
1.737046894617378712e+00 9.960000000000000000e+02 2.400000000000000000e+02
1.750755662098526955e+00 1.012000000000000000e+03 2.390000000000000000e+02
1.764464429579675198e+00 1.027000000000000000e+03 2.430000000000000000e+02
1.778173197060823441e+00 1.027000000000000000e+03 2.410000000000000000e+02
1.791881964541971684e+00 1.027000000000000000e+03 2.410000000000000000e+02
1.805590732023119926e+00 1.043000000000000000e+03 2.390000000000000000e+02
1.819299499504268169e+00 1.043000000000000000e+03 2.380000000000000000e+02
1.833008266985416412e+00 1.043000000000000000e+03 2.410000000000000000e+02
1.846717034466564655e+00 1.043000000000000000e+03 2.380000000000000000e+02
1.860425801947712898e+00 1.058000000000000000e+03 2.410000000000000000e+02
1.874134569428861141e+00 1.074000000000000000e+03 2.420000000000000000e+02
1.888446211814880371e+00 1.074000000000000000e+03 2.430000000000000000e+02
1.902043913491070271e+00 1.074000000000000000e+03 2.400000000000000000e+02
1.915641615167260170e+00 1.089000000000000000e+03 2.410000000000000000e+02
1.929239316843450069e+00 1.089000000000000000e+03 2.420000000000000000e+02
1.942837018519639969e+00 1.058000000000000000e+03 2.410000000000000000e+02
1.956434720195829868e+00 1.043000000000000000e+03 2.380000000000000000e+02
1.970032421872019768e+00 1.012000000000000000e+03 2.390000000000000000e+02
1.983630123548209667e+00 9.960000000000000000e+02 2.390000000000000000e+02
1.997227825224399567e+00 9.650000000000000000e+02 2.370000000000000000e+02
2.010825526900589466e+00 9.340000000000000000e+02 2.400000000000000000e+02
2.024423228576779366e+00 9.030000000000000000e+02 2.380000000000000000e+02
2.038020930252969265e+00 8.880000000000000000e+02 2.390000000000000000e+02
2.051809072494506836e+00 8.720000000000000000e+02 2.400000000000000000e+02
2.065581306815147400e+00 8.570000000000000000e+02 2.390000000000000000e+02
2.079353541135787964e+00 8.260000000000000000e+02 2.380000000000000000e+02
2.093125775456428528e+00 8.100000000000000000e+02 2.380000000000000000e+02
2.106898009777069092e+00 7.950000000000000000e+02 2.390000000000000000e+02
2.120670244097709656e+00 7.790000000000000000e+02 2.390000000000000000e+02
2.134442478418350220e+00 7.640000000000000000e+02 2.390000000000000000e+02
2.148214712738990784e+00 7.480000000000000000e+02 2.370000000000000000e+02
2.161986947059631348e+00 7.330000000000000000e+02 2.380000000000000000e+02
2.175759181380271912e+00 7.170000000000000000e+02 2.380000000000000000e+02
2.189531415700912476e+00 7.170000000000000000e+02 2.360000000000000000e+02
2.203303650021553040e+00 7.020000000000000000e+02 2.370000000000000000e+02
2.218138933181762695e+00 6.860000000000000000e+02 2.380000000000000000e+02
2.231863567605614662e+00 6.710000000000000000e+02 2.370000000000000000e+02
2.245588202029466629e+00 6.710000000000000000e+02 2.360000000000000000e+02
2.259312836453318596e+00 6.550000000000000000e+02 2.390000000000000000e+02
2.273037470877170563e+00 6.400000000000000000e+02 2.380000000000000000e+02
2.286762105301022530e+00 6.240000000000000000e+02 2.360000000000000000e+02
2.300486739724874496e+00 6.090000000000000000e+02 2.360000000000000000e+02
2.314211374148726463e+00 6.090000000000000000e+02 2.380000000000000000e+02
2.327936008572578430e+00 6.090000000000000000e+02 2.370000000000000000e+02
2.341660642996430397e+00 5.930000000000000000e+02 2.370000000000000000e+02
2.355385277420282364e+00 5.780000000000000000e+02 2.380000000000000000e+02
2.369109911844134331e+00 5.780000000000000000e+02 2.370000000000000000e+02
2.383421659469604492e+00 5.620000000000000000e+02 2.360000000000000000e+02
2.397479493170976639e+00 5.780000000000000000e+02 2.370000000000000000e+02
2.411537326872348785e+00 5.780000000000000000e+02 2.360000000000000000e+02
2.425595160573720932e+00 5.620000000000000000e+02 2.370000000000000000e+02
2.439652994275093079e+00 5.470000000000000000e+02 2.340000000000000000e+02
2.453710827976465225e+00 5.470000000000000000e+02 2.330000000000000000e+02
2.467768661677837372e+00 5.470000000000000000e+02 2.330000000000000000e+02
2.481826495379209518e+00 5.470000000000000000e+02 2.350000000000000000e+02
2.495884329080581665e+00 5.310000000000000000e+02 2.350000000000000000e+02
2.509942162781953812e+00 5.160000000000000000e+02 2.370000000000000000e+02
2.523999996483325958e+00 5.160000000000000000e+02 2.350000000000000000e+02
2.538057830184698105e+00 5.160000000000000000e+02 2.360000000000000000e+02
2.551671266555786133e+00 5.160000000000000000e+02 2.330000000000000000e+02
2.565380034036934376e+00 5.000000000000000000e+02 2.350000000000000000e+02
2.579088801518082619e+00 5.000000000000000000e+02 2.350000000000000000e+02
2.592797568999230862e+00 5.000000000000000000e+02 2.340000000000000000e+02
2.606506336480379105e+00 5.000000000000000000e+02 2.350000000000000000e+02
2.620215103961527348e+00 4.920000000000000000e+02 2.350000000000000000e+02
2.633923871442675591e+00 4.880000000000000000e+02 2.360000000000000000e+02
2.647632638923823833e+00 4.780000000000000000e+02 2.340000000000000000e+02
2.661341406404972076e+00 4.810000000000000000e+02 2.340000000000000000e+02
2.675050173886120319e+00 4.830000000000000000e+02 2.340000000000000000e+02
2.688758941367268562e+00 4.840000000000000000e+02 2.350000000000000000e+02
2.702467708848416805e+00 4.760000000000000000e+02 2.330000000000000000e+02
2.716255903244018555e+00 4.800000000000000000e+02 2.320000000000000000e+02
2.729917071759700775e+00 4.740000000000000000e+02 2.330000000000000000e+02
2.743578240275382996e+00 4.710000000000000000e+02 2.300000000000000000e+02
2.757239408791065216e+00 4.700000000000000000e+02 2.330000000000000000e+02
2.770900577306747437e+00 4.730000000000000000e+02 2.330000000000000000e+02
2.784561745822429657e+00 4.710000000000000000e+02 2.320000000000000000e+02
2.798222914338111877e+00 4.730000000000000000e+02 2.330000000000000000e+02
2.811884082853794098e+00 4.740000000000000000e+02 2.330000000000000000e+02
2.825545251369476318e+00 4.680000000000000000e+02 2.330000000000000000e+02
2.839206419885158539e+00 4.720000000000000000e+02 2.340000000000000000e+02
2.852867588400840759e+00 4.740000000000000000e+02 2.340000000000000000e+02
2.866528756916522980e+00 4.680000000000000000e+02 2.340000000000000000e+02
2.880142450332641602e+00 4.720000000000000000e+02 2.340000000000000000e+02
2.893803618848323822e+00 4.670000000000000000e+02 2.330000000000000000e+02
2.907464787364006042e+00 4.650000000000000000e+02 2.340000000000000000e+02
2.921125955879688263e+00 4.640000000000000000e+02 2.330000000000000000e+02
2.934787124395370483e+00 4.560000000000000000e+02 2.320000000000000000e+02
2.948448292911052704e+00 4.520000000000000000e+02 2.320000000000000000e+02
2.962109461426734924e+00 4.430000000000000000e+02 2.310000000000000000e+02
2.975770629942417145e+00 4.460000000000000000e+02 2.320000000000000000e+02
2.989431798458099365e+00 4.400000000000000000e+02 2.300000000000000000e+02
3.003092966973781586e+00 4.440000000000000000e+02 2.310000000000000000e+02
3.016754135489463806e+00 4.460000000000000000e+02 2.310000000000000000e+02
3.030415304005146027e+00 4.470000000000000000e+02 2.300000000000000000e+02
3.044203281402587891e+00 4.410000000000000000e+02 2.310000000000000000e+02
3.057912048883736134e+00 4.450000000000000000e+02 2.300000000000000000e+02
3.071620816364884377e+00 4.470000000000000000e+02 2.300000000000000000e+02
3.085329583846032619e+00 4.340000000000000000e+02 2.290000000000000000e+02
3.099038351327180862e+00 4.270000000000000000e+02 2.290000000000000000e+02
3.112747118808329105e+00 4.310000000000000000e+02 2.310000000000000000e+02
3.126455886289477348e+00 4.330000000000000000e+02 2.300000000000000000e+02
3.140164653770625591e+00 4.410000000000000000e+02 2.320000000000000000e+02
3.153873421251773834e+00 4.450000000000000000e+02 2.300000000000000000e+02
3.167582188732922077e+00 4.400000000000000000e+02 2.300000000000000000e+02
3.181290956214070320e+00 4.370000000000000000e+02 2.310000000000000000e+02
3.194999723695218563e+00 4.360000000000000000e+02 2.310000000000000000e+02
3.208613395690917969e+00 4.420000000000000000e+02 2.320000000000000000e+02
3.222782296128571033e+00 4.380000000000000000e+02 2.330000000000000000e+02
3.236951196566224098e+00 4.430000000000000000e+02 2.320000000000000000e+02
3.251120097003877163e+00 4.530000000000000000e+02 2.320000000000000000e+02
3.265288997441530228e+00 4.580000000000000000e+02 2.310000000000000000e+02
3.279457897879183292e+00 4.670000000000000000e+02 2.320000000000000000e+02
3.293626798316836357e+00 4.710000000000000000e+02 2.310000000000000000e+02
3.307795698754489422e+00 4.730000000000000000e+02 2.350000000000000000e+02
3.321964599192142487e+00 4.740000000000000000e+02 2.330000000000000000e+02
3.336133499629795551e+00 4.750000000000000000e+02 2.330000000000000000e+02
3.350302400067448616e+00 4.720000000000000000e+02 2.330000000000000000e+02
3.364471300505101681e+00 4.670000000000000000e+02 2.330000000000000000e+02
3.377561092376708984e+00 4.710000000000000000e+02 2.320000000000000000e+02
3.391222260892391205e+00 4.730000000000000000e+02 2.310000000000000000e+02
3.404883429408073425e+00 4.710000000000000000e+02 2.300000000000000000e+02
3.418544597923755646e+00 4.700000000000000000e+02 2.310000000000000000e+02
3.432205766439437866e+00 4.690000000000000000e+02 2.290000000000000000e+02
3.445866934955120087e+00 4.770000000000000000e+02 2.300000000000000000e+02
3.459528103470802307e+00 4.730000000000000000e+02 2.310000000000000000e+02
3.473189271986484528e+00 4.790000000000000000e+02 2.340000000000000000e+02
3.486850440502166748e+00 4.740000000000000000e+02 2.330000000000000000e+02
3.500511609017848969e+00 5.000000000000000000e+02 2.320000000000000000e+02
3.514172777533531189e+00 4.920000000000000000e+02 2.340000000000000000e+02
3.527833946049213409e+00 5.000000000000000000e+02 2.340000000000000000e+02
3.542145729064941406e+00 5.000000000000000000e+02 2.340000000000000000e+02
3.555806897580623627e+00 4.920000000000000000e+02 2.320000000000000000e+02
3.569468066096305847e+00 5.000000000000000000e+02 2.320000000000000000e+02
3.583129234611988068e+00 5.000000000000000000e+02 2.360000000000000000e+02
3.596790403127670288e+00 5.160000000000000000e+02 2.330000000000000000e+02
3.610451571643352509e+00 5.160000000000000000e+02 2.340000000000000000e+02
3.624112740159034729e+00 5.000000000000000000e+02 2.350000000000000000e+02
3.637773908674716949e+00 5.310000000000000000e+02 2.370000000000000000e+02
3.651435077190399170e+00 5.310000000000000000e+02 2.340000000000000000e+02
3.665096245706081390e+00 5.160000000000000000e+02 2.360000000000000000e+02
3.678757414221763611e+00 5.470000000000000000e+02 2.310000000000000000e+02
3.692418582737445831e+00 5.470000000000000000e+02 2.280000000000000000e+02
3.706032037734985352e+00 5.470000000000000000e+02 2.310000000000000000e+02
3.719756672158837318e+00 5.780000000000000000e+02 2.350000000000000000e+02
3.733481306582689285e+00 5.780000000000000000e+02 2.340000000000000000e+02
3.747205941006541252e+00 5.780000000000000000e+02 2.340000000000000000e+02
3.760930575430393219e+00 5.780000000000000000e+02 2.330000000000000000e+02
3.774655209854245186e+00 5.930000000000000000e+02 2.320000000000000000e+02
3.788379844278097153e+00 5.930000000000000000e+02 2.320000000000000000e+02
3.802104478701949120e+00 5.930000000000000000e+02 2.310000000000000000e+02
3.815829113125801086e+00 5.930000000000000000e+02 2.360000000000000000e+02
3.829553747549653053e+00 6.240000000000000000e+02 2.360000000000000000e+02
3.843278381973505020e+00 6.240000000000000000e+02 2.310000000000000000e+02
3.857003016397356987e+00 6.240000000000000000e+02 2.360000000000000000e+02
3.870093107223510742e+00 6.400000000000000000e+02 2.350000000000000000e+02
3.883801874704658985e+00 6.550000000000000000e+02 2.350000000000000000e+02
3.897510642185807228e+00 6.710000000000000000e+02 2.360000000000000000e+02
3.911219409666955471e+00 6.710000000000000000e+02 2.340000000000000000e+02
3.924928177148103714e+00 6.860000000000000000e+02 2.370000000000000000e+02
3.938636944629251957e+00 7.020000000000000000e+02 2.370000000000000000e+02
3.952345712110400200e+00 7.020000000000000000e+02 2.360000000000000000e+02
3.966054479591548443e+00 7.170000000000000000e+02 2.340000000000000000e+02
3.979763247072696686e+00 7.330000000000000000e+02 2.370000000000000000e+02
3.993472014553844929e+00 7.480000000000000000e+02 2.380000000000000000e+02
4.007180782034993172e+00 7.480000000000000000e+02 2.370000000000000000e+02
4.020889549516141415e+00 7.790000000000000000e+02 2.390000000000000000e+02
4.035201072692871094e+00 7.950000000000000000e+02 2.370000000000000000e+02
4.048354508355259895e+00 8.100000000000000000e+02 2.380000000000000000e+02
4.061507944017648697e+00 8.260000000000000000e+02 2.380000000000000000e+02
4.074661379680037498e+00 8.410000000000000000e+02 2.390000000000000000e+02
4.087814815342426300e+00 8.720000000000000000e+02 2.400000000000000000e+02
4.100968251004815102e+00 8.720000000000000000e+02 2.380000000000000000e+02
4.114121686667203903e+00 9.030000000000000000e+02 2.390000000000000000e+02
4.127275122329592705e+00 9.340000000000000000e+02 2.420000000000000000e+02
4.140428557991981506e+00 9.500000000000000000e+02 2.390000000000000000e+02
4.153581993654370308e+00 9.650000000000000000e+02 2.380000000000000000e+02
4.166735429316759109e+00 9.960000000000000000e+02 2.410000000000000000e+02
4.179888864979147911e+00 1.027000000000000000e+03 2.400000000000000000e+02
4.193502426147460938e+00 1.058000000000000000e+03 2.400000000000000000e+02
4.207163594663143158e+00 1.089000000000000000e+03 2.390000000000000000e+02
4.220824763178825378e+00 1.120000000000000000e+03 2.390000000000000000e+02
4.234485931694507599e+00 1.136000000000000000e+03 2.430000000000000000e+02
4.248147100210189819e+00 1.120000000000000000e+03 2.430000000000000000e+02
4.261808268725872040e+00 1.120000000000000000e+03 2.420000000000000000e+02
4.275469437241554260e+00 1.120000000000000000e+03 2.400000000000000000e+02
4.289130605757236481e+00 1.105000000000000000e+03 2.420000000000000000e+02
4.302791774272918701e+00 1.105000000000000000e+03 2.400000000000000000e+02
4.316452942788600922e+00 1.105000000000000000e+03 2.420000000000000000e+02
4.330114111304283142e+00 1.105000000000000000e+03 2.390000000000000000e+02
4.343775279819965363e+00 1.089000000000000000e+03 2.400000000000000000e+02
4.356865406036376953e+00 1.089000000000000000e+03 2.400000000000000000e+02
4.370574173517525196e+00 1.089000000000000000e+03 2.410000000000000000e+02
4.384282940998673439e+00 1.089000000000000000e+03 2.410000000000000000e+02
4.397991708479821682e+00 1.074000000000000000e+03 2.400000000000000000e+02
4.411700475960969925e+00 1.074000000000000000e+03 2.410000000000000000e+02
4.425409243442118168e+00 1.074000000000000000e+03 2.400000000000000000e+02
4.439118010923266411e+00 1.074000000000000000e+03 2.400000000000000000e+02
4.452826778404414654e+00 1.074000000000000000e+03 2.410000000000000000e+02
4.466535545885562897e+00 1.074000000000000000e+03 2.420000000000000000e+02
4.480244313366711140e+00 1.074000000000000000e+03 2.410000000000000000e+02
4.493953080847859383e+00 1.058000000000000000e+03 2.410000000000000000e+02
4.507661848329007626e+00 1.058000000000000000e+03 2.400000000000000000e+02
4.521973609924316406e+00 1.058000000000000000e+03 2.390000000000000000e+02
4.535809311084449291e+00 1.058000000000000000e+03 2.390000000000000000e+02
4.549645012244582176e+00 1.058000000000000000e+03 2.380000000000000000e+02
4.563480713404715061e+00 1.043000000000000000e+03 2.360000000000000000e+02
4.577316414564847946e+00 1.043000000000000000e+03 2.380000000000000000e+02
4.591152115724980831e+00 1.027000000000000000e+03 2.380000000000000000e+02
4.604987816885113716e+00 1.058000000000000000e+03 2.370000000000000000e+02
4.618823518045246601e+00 1.043000000000000000e+03 2.360000000000000000e+02
4.632659219205379486e+00 1.058000000000000000e+03 2.370000000000000000e+02
4.646494920365512371e+00 1.058000000000000000e+03 2.390000000000000000e+02
4.660330621525645256e+00 1.043000000000000000e+03 2.380000000000000000e+02
4.674166322685778141e+00 1.043000000000000000e+03 2.370000000000000000e+02
4.687779903411865234e+00 1.058000000000000000e+03 2.380000000000000000e+02
4.701266538351774216e+00 1.058000000000000000e+03 2.400000000000000000e+02
4.714753173291683197e+00 1.058000000000000000e+03 2.390000000000000000e+02
4.728239808231592178e+00 1.058000000000000000e+03 2.410000000000000000e+02
4.741726443171501160e+00 1.058000000000000000e+03 2.410000000000000000e+02
4.755213078111410141e+00 1.043000000000000000e+03 2.400000000000000000e+02
4.768699713051319122e+00 1.058000000000000000e+03 2.410000000000000000e+02
4.782186347991228104e+00 1.058000000000000000e+03 2.420000000000000000e+02
4.795672982931137085e+00 1.074000000000000000e+03 2.400000000000000000e+02
4.809159617871046066e+00 1.074000000000000000e+03 2.410000000000000000e+02
